20
	1 0
	1 0
	1 0
	1 0
	1 0
	1 0
	1 0
	1 0
	1 0
	1 0
	1 0
	1 0
	3 0
	2 14
		0 1.769087
		1 1.084973
		2 -0.895614
		3 0.646718
		4 0.003237
		5 0.807022
		6 0.535604
		7 1.608698
		8 -1.965963
		9 -0.152615
		10 1.113361
		11 1.496121
		12 -0.255195
		19 -0.204836
	2 14
		0 -1.324647
		1 -1.271882
		2 1.851071
		3 -1.615345
		4 -1.145264
		5 1.171949
		6 -0.029972
		7 0.333162
		8 1.157014
		9 -0.726242
		10 1.408358
		11 0.265373
		12 -1.475207
		17 -0.154071
	2 14
		0 1.860563
		1 0.817697
		2 -0.461868
		3 -0.411995
		4 0.139288
		5 0.712056
		6 -2.021323
		7 0.018800
		8 -0.604312
		9 -0.814238
		10 0.398883
		11 -0.073948
		12 -0.271134
		19 1.105729
	2 14
		0 -0.429771
		1 1.386440
		2 -0.924274
		3 0.422188
		4 0.052856
		5 -0.740615
		6 -1.594925
		7 -1.659543
		8 -0.390350
		9 -1.440605
		10 1.595200
		11 0.496170
		12 -0.269137
		18 1.573734
	0 1
		11 0.513305
	0 1
		10 0.966933
	0 1
		7 1.169749
